SDPA start at [Mon Jun 19 18:36:44 2017]
param  is /usr/share/sdpa/param.sdpa 
data   is spd_files/test_spd.dat  : dense
out    is spd_files/example_out.dat
NumThreads  is set as 4
Schur computation : DENSE 
   mu      thetaP  thetaD  objP      objD      alphaP  alphaD  beta 
 0 1.0e+04 1.0e+00 1.0e+00 -0.00e+00 +3.72e+05 2.8e-01 2.7e-01 2.00e-01
 1 8.4e+03 7.2e-01 7.3e-01 -3.03e+11 +6.33e+05 4.7e-02 1.0e-01 7.31e+00
 2 1.6e+04 6.9e-01 6.6e-01 -3.03e+11 +3.45e+06 6.7e-03 7.0e-03 3.15e+02
 3 5.3e+04 6.9e-01 6.5e-01 -3.03e+11 +1.00e+07 6.7e-03 7.0e-03 3.15e+02

phase.value  = pdINF     
   Iteration = 3
          mu = +5.2635920172912287e+04
relative gap = +2.0000000000000000e+00
        gap  = -3.0313128467930164e+11
     digits  = -3.0102999566398120e-01
objValPrimal = -3.0312127225601422e+11
objValDual   = +1.0012423287386829e+07
p.feas.error = +3.0088353607209143e+02
d.feas.error = +2.5977806921018958e+06
total time   = 8.782703
** Parameters **
maxIteration = 100
epsilonStar  = +9.9999999999999995e-08
lambdaStar   = +1.0000000000000000e+02
omegaStar    = +2.0000000000000000e+00
lowerBound   = -1.0000000000000000e+05
upperBound   = +1.0000000000000000e+05
betaStar     = +1.0000000000000001e-01
betaBar      = +2.0000000000000001e-01
gammaStar    = +9.0000000000000002e-01
epsilonDash  = +9.9999999999999995e-08
xPrint       = %+8.3e 
XPrint       = %+8.3e 
YPrint       = %+8.3e 
infPrint     = %+10.16e 

                         Time(sec)  Ratio(% : MainLoop) 
 Predictor time  =       6.071319,  98.582731
 Corrector time  =       0.047740,  0.775176
 Make bMat time  =       5.543789,  90.016989
 Make bDia time  =       0.000000,  0.000000
 Make bF1  time  =       0.000000,  0.000000
 Make bF2  time  =       0.000000,  0.000000
 Make bF3  time  =       0.000000,  0.000000
 Make bPRE time  =       1.602449,  26.019683
 Make rMat time  =       0.000310,  0.005034
 Make gVec Mul   =       0.000328,  0.005326
 Make gVec time  =       0.039726,  0.645049
 Cholesky bMat   =       0.480177,  7.796849
 Ste Pre time    =       0.000002,  0.000032
 Ste Cor time    =       0.001711,  0.027782
 solve           =       0.018446,  0.299516
 sumDz           =       0.035905,  0.583006
 makedX          =       0.000631,  0.010246
 symmetriseDx    =       0.000037,  0.000601
 makedXdZ        =       0.036576,  0.593901
 xMatTime        =       0.000215,  0.003491
 zMatTime        =       0.000325,  0.005277
 invzMatTime     =       0.000000,  0.000000
 xMatzMatTime    =       0.000000,  0.000000
 EigxMatTime     =       0.000881,  0.014305
 EigzMatTime     =       0.000796,  0.012925
 EigxMatzMatTime =       0.000000,  0.000000
 updateRes       =       0.037041,  0.601451
 EigTime         =       0.001677,  0.027230
 sub_total_bMat  =       0.614814,  9.983011
 Main Loop       =       6.158603,  100.000000
 File Check      =       0.000000,  0.000000
 File Change     =       0.012613,  0.204803
 File Read       =       2.611487,  42.403886
 Total           =       8.782703,  142.608689

xVec = 
{+2.272e-01,+2.621e-01,+7.306e-03,-1.918e-01,+3.031e+11,-3.476e-112,-3.476e-112,-3.031e+11,+2.757e-101,+2.757e-101,+2.757e-101,+2.757e-101,-5.406e-102,+2.757e-101,+2.757e-101,+2.757e-101,-5.406e-102,+2.757e-101,+2.757e-101,-5.406e-102,+2.757e-101,-5.406e-102,+2.757e-101,+2.757e-101,+2.757e-101,+2.757e-101,+2.757e-101,+2.757e-101,+2.757e-101,+2.757e-101,+2.757e-101,+2.757e-101,+2.757e-101,+2.757e-101,+2.757e-101,+2.757e-101,+2.757e-101,+2.757e-101,+2.757e-101,+2.757e-101,+2.757e-101,+2.757e-101,+2.757e-101,+2.757e-101,+2.757e-101,+2.757e-101,+2.757e-101,+2.757e-101,+2.757e-101,+2.757e-101,+2.757e-101,+2.757e-101,+2.757e-101,+2.757e-101,+2.757e-101,+2.757e-101,+2.757e-101,+2.757e-101,+2.757e-101,+2.757e-101,+2.757e-101,+2.757e-101,+2.757e-101,+2.757e-101,+2.757e-101,+2.757e-101,+2.757e-101,+2.757e-101,+2.757e-101,+2.757e-101,+2.757e-101,+2.757e-101,+2.757e-101,+2.757e-101,+2.757e-101,+2.757e-101,+2.757e-101,+2.757e-101,+2.757e-101,+2.757e-101,+2.757e-101,+2.757e-101,+2.757e-101,+2.757e-101,+2.757e-101,+2.757e-101,+2.757e-101,+2.757e-101,+2.757e-101,+2.757e-101,+2.757e-101,+2.757e-101,+2.757e-101,+2.757e-101,+2.757e-101,+2.757e-101,+2.757e-101,+2.757e-101,+2.757e-101,+2.757e-101,+2.757e-101,+2.757e-101,+2.757e-101,+2.757e-101,+2.757e-101,+2.757e-101,+2.757e-101,+2.757e-101,+2.757e-101,+2.757e-101,+2.757e-101,+2.757e-101,+2.757e-101,+2.757e-101,+2.757e-101,+2.757e-101,+2.757e-101,+2.757e-101,+2.757e-101,+2.757e-101,+2.757e-101,+2.757e-101,+2.757e-101,+2.757e-101,+2.757e-101,+2.757e-101,+2.757e-101,+2.757e-101,+2.757e-101,+2.757e-101,+2.757e-101,+2.757e-101,+2.757e-101,+2.757e-101,+2.757e-101,+2.757e-101,+2.757e-101,+2.757e-101,+2.757e-101,+2.757e-101,+2.757e-101,+2.757e-101,+2.757e-101,+2.757e-101,+2.757e-101,+2.757e-101,+2.757e-101,+2.757e-101,+2.757e-101,+2.757e-101,+2.757e-101,+2.757e-101,+2.757e-101,+2.757e-101,+2.757e-101,+2.757e-101,+2.757e-101,+2.757e-101,+2.757e-101,+2.757e-101,+2.757e-101,+2.757e-101,+2.757e-101,+2.757e-101,+2.757e-101,+2.757e-101,+2.757e-101,+2.757e-101,+2.757e-101,+2.757e-101,+2.757e-101,+2.757e-101,+2.757e-101,+2.757e-101,+2.757e-101,+2.757e-101,+2.757e-101,+2.757e-101,+2.757e-101,+2.757e-101,+2.757e-101,+2.757e-101,+2.757e-101,+2.757e-101,+2.757e-101,+2.757e-101,+2.757e-101,+2.757e-101,+2.757e-101,+2.757e-101,+2.757e-101,+2.757e-101,+2.757e-101,+2.757e-101,+2.757e-101,+2.757e-101,+2.757e-101,+2.757e-101,+2.757e-101,+2.757e-101,+2.757e-101,+2.757e-101,+2.757e-101,+2.757e-101,+2.757e-101,+2.757e-101,+2.757e-101,+2.757e-101,+2.757e-101,+2.757e-101,+2.757e-101,+2.757e-101,+2.757e-101,+2.757e-101,+2.757e-101,+2.757e-101,+2.757e-101,+2.757e-101,+2.757e-101,+2.757e-101,+2.757e-101,+2.757e-101,+2.757e-101,+2.757e-101,+2.757e-101,+2.757e-101,+2.757e-101,+2.757e-101,+2.757e-101,+2.757e-101,+2.757e-101,+2.757e-101,+2.757e-101,+2.757e-101,+2.757e-101,+2.757e-101,+2.757e-101,+2.757e-101,+2.757e-101,+2.757e-101,+2.757e-101,+2.757e-101,+2.757e-101,+2.757e-101,+2.757e-101,+2.757e-101,+2.757e-101,+2.757e-101,+2.757e-101,+2.757e-101,+2.757e-101,+2.757e-101,+2.757e-101,+2.757e-101,+2.757e-101,+2.757e-101,+2.757e-101,+2.757e-101,+2.757e-101,+2.757e-101,+2.757e-101,+2.757e-101,+2.757e-101,+2.757e-101,+2.757e-101,+2.757e-101,+2.757e-101,+2.757e-101,+2.757e-101,+2.757e-101,+2.757e-101,+2.757e-101,+2.757e-101,+2.757e-101,+2.757e-101,+2.757e-101,+2.757e-101,+2.757e-101,+2.757e-101,+2.757e-101,+2.757e-101,+2.757e-101,+2.757e-101,+2.757e-101,+2.757e-101,+2.757e-101,+2.757e-101,+2.757e-101,+2.757e-101,+2.757e-101,+2.757e-101,+2.757e-101,+2.757e-101,+2.757e-101,+2.757e-101,+2.757e-101,+2.757e-101,+2.757e-101,+2.757e-101,+2.757e-101,+2.757e-101,+2.757e-101,+2.757e-101,+2.757e-101,+2.757e-101,+2.757e-101,+2.757e-101,+2.757e-101,+2.757e-101,+2.757e-101,+2.757e-101,+2.757e-101,+2.757e-101,+2.757e-101,+2.757e-101,+2.757e-101,+2.757e-101,+2.757e-101,+2.757e-101,+2.757e-101,+2.757e-101,+2.757e-101,+2.757e-101,+2.757e-101,+2.757e-101,+2.757e-101,+2.757e-101,+2.757e-101,+2.757e-101,+2.757e-101,+2.757e-101,+2.757e-101,+2.757e-101,+2.757e-101,+2.757e-101,+2.757e-101,+2.757e-101,+2.757e-101,+2.757e-101,+2.757e-101,+2.757e-101,+2.757e-101,+2.757e-101,+2.757e-101,+2.757e-101,+2.757e-101,+2.757e-101,+2.757e-101,+2.757e-101,+2.757e-101,+2.757e-101,+2.757e-101,+2.757e-101,+2.757e-101,+2.757e-101,+2.757e-101,+2.757e-101,+2.757e-101,+2.757e-101,+2.757e-101,+2.757e-101,+2.757e-101,+2.757e-101,+2.757e-101,+2.757e-101,+2.757e-101,+2.757e-101,+2.757e-101,+2.757e-101,+2.757e-101,+2.757e-101,+2.757e-101,+2.757e-101,+2.757e-101,+2.757e-101,+2.757e-101,+2.757e-101,+2.757e-101,+2.757e-101,+2.757e-101,+2.757e-101,+2.757e-101,+2.757e-101,+2.757e-101,+2.757e-101,+2.757e-101,+2.757e-101,+2.757e-101,+2.757e-101,+2.757e-101,+2.757e-101,+2.757e-101,+2.757e-101,+2.757e-101,+2.757e-101,+2.757e-101,+2.757e-101,+2.757e-101,+2.757e-101,+2.757e-101,+2.757e-101,+2.757e-101,+2.757e-101,+2.757e-101,+2.757e-101,+2.757e-101,+2.757e-101,+2.757e-101,+2.757e-101,+2.757e-101,+2.757e-101,+2.757e-101,+2.757e-101,+2.757e-101,+2.757e-101,+2.757e-101,+2.757e-101,+2.757e-101,+2.757e-101,+2.757e-101,+2.757e-101,+2.757e-101,+2.757e-101,+2.757e-101,+2.757e-101,+2.757e-101,+2.757e-101,+2.757e-101,+2.757e-101,+2.757e-101,+2.757e-101,+2.757e-101,+2.757e-101,+2.757e-101,+2.757e-101,+2.757e-101,+2.757e-101,+2.757e-101,+2.757e-101,+2.757e-101,+2.757e-101,+2.757e-101,+2.757e-101,+2.757e-101,+2.757e-101,+2.757e-101,+2.757e-101,+2.757e-101,+2.757e-101,+2.757e-101,+2.757e-101,+2.757e-101,+2.757e-101,+2.757e-101,+2.757e-101,+2.757e-101,+2.757e-101,+2.757e-101,+2.757e-101,+2.757e-101,+2.757e-101,+2.757e-101,+2.757e-101,+2.757e-101,+2.757e-101,+2.757e-101,+2.757e-101,+2.757e-101,+2.757e-101,+2.757e-101,+2.757e-101,+2.757e-101,+2.757e-101,+2.757e-101,+2.757e-101,+2.757e-101,+2.757e-101,+2.757e-101,+2.757e-101,+2.757e-101,+2.757e-101,+2.757e-101,+2.757e-101,+2.757e-101,+2.757e-101,+2.757e-101,+2.757e-101,+2.757e-101,+2.757e-101,+2.757e-101,+2.757e-101,+2.757e-101,+2.757e-101,+2.757e-101,+2.757e-101,+2.757e-101,+2.757e-101,+2.757e-101,+2.757e-101,+2.757e-101,+2.757e-101,+2.757e-101,+2.757e-101,+2.757e-101,+2.757e-101,+2.757e-101,+2.757e-101,+2.757e-101,+2.757e-101,+2.757e-101,+2.757e-101,+2.757e-101,+2.757e-101,+2.757e-101,+2.757e-101,+2.757e-101,+2.757e-101,+2.757e-101,+2.757e-101,+2.757e-101,-5.406e-102,+2.757e-101,+2.757e-101,+2.757e-101,+2.757e-101,+2.757e-101,+2.757e-101,+2.757e-101,+2.757e-101,+2.757e-101,+2.757e-101,+2.757e-101,+2.757e-101,+2.757e-101,+2.757e-101,+2.757e-101,+2.757e-101,+2.757e-101,+2.757e-101,+2.757e-101,+2.757e-101,+2.757e-101,+2.757e-101,+2.757e-101,+2.757e-101,+2.757e-101,+2.757e-101,+2.757e-101,+2.757e-101,+2.757e-101,-5.406e-102,+2.757e-101,+2.757e-101,+2.757e-101,+2.757e-101,+2.757e-101,+2.757e-101,+2.757e-101,+2.757e-101,+2.757e-101,+2.757e-101,+2.757e-101,+2.757e-101,+2.757e-101,+2.757e-101,+2.757e-101,+2.757e-101,+2.757e-101,+2.757e-101,+2.757e-101,+2.757e-101,+2.757e-101,+2.757e-101,+2.757e-101,-5.406e-102,+2.757e-101,+2.757e-101,+2.757e-101,+2.757e-101,+2.757e-101,+2.757e-101,+2.757e-101,+2.757e-101,+2.757e-101,+2.757e-101,+2.757e-101,+2.757e-101,+2.757e-101,+2.757e-101,+2.757e-101,+2.757e-101,+2.757e-101,-5.406e-102,+2.757e-101,+2.757e-101,+2.757e-101,+2.757e-101,+2.757e-101,+2.757e-101,+2.757e-101,+2.757e-101,+2.757e-101,+2.757e-101,+2.757e-101,-5.406e-102,+2.757e-101,+2.757e-101,+2.757e-101,+2.757e-101,+2.757e-101,-5.406e-102,+2.757e-101,+2.757e-101,+2.757e-101,+2.757e-101,+2.757e-101,+2.757e-101,+2.757e-101,+2.757e-101,+2.757e-101,+2.757e-101,+2.757e-101,+2.757e-101,+2.757e-101,+2.757e-101,+2.757e-101,+2.757e-101,+2.757e-101,+2.757e-101,+2.757e-101,+2.757e-101,+2.757e-101,+2.757e-101,+2.757e-101,+2.757e-101,+2.757e-101,+2.757e-101,+2.757e-101,+2.757e-101,+2.757e-101,+2.757e-101,+2.757e-101,+2.757e-101,+2.757e-101,+2.757e-101,+2.757e-101,+2.757e-101,+2.757e-101,+2.757e-101,+2.757e-101,+2.757e-101,+2.757e-101,+2.757e-101,+2.757e-101,+2.757e-101,+2.757e-101,+2.757e-101,+2.757e-101,+2.757e-101,+2.757e-101,+2.757e-101,+2.757e-101,+2.757e-101,+2.757e-101,+2.757e-101,-5.406e-102,+2.757e-101,+2.757e-101,+2.757e-101,+2.757e-101,+2.757e-101,+2.757e-101,+2.757e-101,+2.757e-101,+2.757e-101,+2.757e-101,+2.757e-101,+2.757e-101,+2.757e-101,+2.757e-101,+2.757e-101,+2.757e-101,+2.757e-101,+2.757e-101,+2.757e-101,-5.406e-102,+2.757e-101,+2.757e-101,+2.757e-101,+2.757e-101,+2.757e-101,+2.757e-101,+2.757e-101,+2.757e-101,+2.757e-101,+2.757e-101,+2.757e-101,+2.757e-101,+2.757e-101,+2.757e-101,-5.406e-102,+2.757e-101,+2.757e-101,+2.757e-101,+2.757e-101,+2.757e-101,+2.757e-101,+2.757e-101,+2.757e-101,+2.757e-101,-5.406e-102,+2.757e-101,+2.757e-101,+2.757e-101,+2.757e-101,-5.406e-102,+2.757e-101,+2.757e-101,+2.757e-101,+2.757e-101,+2.757e-101,+2.757e-101,+2.757e-101,+2.757e-101,+2.757e-101,+2.757e-101,+2.757e-101,+2.757e-101,+2.757e-101,+2.757e-101,+2.757e-101,+2.757e-101,+2.757e-101,+2.757e-101,+2.757e-101,+2.757e-101,+2.757e-101,+2.757e-101,+2.757e-101,-5.406e-102,+2.757e-101,+2.757e-101,+2.757e-101,+2.757e-101,+2.757e-101,+2.757e-101,+2.757e-101,+2.757e-101,+2.757e-101,+2.757e-101,+2.757e-101,+2.757e-101,+2.757e-101,+2.757e-101,+2.757e-101,+2.757e-101,+2.757e-101,+2.757e-101,+2.757e-101,+2.757e-101,+2.757e-101,+2.757e-101,+2.757e-101,+2.757e-101,+2.757e-101,+2.757e-101,+2.757e-101,+2.757e-101,+2.757e-101,+2.757e-101,+2.757e-101,+2.757e-101,+2.757e-101,+2.757e-101,+2.757e-101,-5.406e-102,+2.757e-101,+2.757e-101,+2.757e-101,+2.757e-101,+2.757e-101,+2.757e-101,+2.757e-101,+2.757e-101,+2.757e-101,+2.757e-101,+2.757e-101,-5.406e-102,+2.757e-101,+2.757e-101,+2.757e-101,+2.757e-101,+2.757e-101,+2.757e-101,+2.757e-101,-5.406e-102,+2.757e-101,+2.757e-101,+2.757e-101,-5.406e-102,+2.757e-101,+2.757e-101,+2.757e-101,+2.757e-101,+2.757e-101,+2.757e-101,+2.757e-101,+2.757e-101,+2.757e-101,+2.757e-101,+2.757e-101,+2.757e-101,+2.757e-101,+2.757e-101,+2.757e-101,+2.757e-101,+2.757e-101,-5.406e-102,+2.757e-101,+2.757e-101,+2.757e-101,+2.757e-101,+2.757e-101,+2.757e-101,+2.757e-101,+2.757e-101,+2.757e-101,+2.757e-101,+2.757e-101,+2.757e-101,+2.757e-101,+2.757e-101,-5.406e-102,+2.757e-101,+2.757e-101,+2.757e-101,+2.757e-101,+2.757e-101,+2.757e-101,+2.757e-101,+2.757e-101,+2.757e-101,+2.757e-101,+2.757e-101,+2.757e-101,+2.757e-101,+2.757e-101,+2.757e-101,+2.757e-101,+2.757e-101,+2.757e-101,+2.757e-101,+2.757e-101,-5.406e-102,+2.757e-101,+2.757e-101,+2.757e-101,+2.757e-101,+2.757e-101,-5.406e-102,+2.757e-101,+2.757e-101,-5.406e-102,+2.757e-101,+2.757e-101,+2.757e-101,+2.757e-101,+2.757e-101,+2.757e-101,+2.757e-101,+2.757e-101,+2.757e-101,+2.757e-101,+2.757e-101,-5.406e-102,+2.757e-101,+2.757e-101,+2.757e-101,+2.757e-101,+2.757e-101,+2.757e-101,+2.757e-101,+2.757e-101,+2.757e-101,-5.406e-102,+2.757e-101,+2.757e-101,+2.757e-101,+2.757e-101,+2.757e-101,+2.757e-101,+2.757e-101,-5.406e-102,+2.757e-101,+2.757e-101,+2.757e-101,+2.757e-101,+2.757e-101,+2.757e-101,+2.757e-101,+2.757e-101,+2.757e-101,-5.406e-102,+2.757e-101,-5.406e-102,+2.757e-101,+2.757e-101,+2.757e-101,+2.757e-101,+2.757e-101,-5.406e-102,+2.757e-101,+2.757e-101,+2.757e-101,+2.757e-101,-5.406e-102,+2.757e-101,+2.757e-101,+2.757e-101,-5.406e-102,+2.757e-101,+2.757e-101,-5.406e-102,+2.757e-101,+2.757e-101,+2.757e-101,+2.757e-101,+2.757e-101,+2.757e-101,+2.757e-101,+2.757e-101,+2.757e-101,+2.757e-101,+2.757e-101,+2.757e-101,+2.757e-101,+2.757e-101,+2.757e-101,+2.757e-101,+2.757e-101,+2.757e-101,+2.757e-101,+2.757e-101,+2.757e-101,+2.757e-101,+2.757e-101,+2.757e-101,+2.757e-101,+2.757e-101,+2.757e-101,+2.757e-101,+2.757e-101,+2.757e-101,+2.757e-101,+2.757e-101,+2.757e-101,+2.757e-101,+2.757e-101,+2.757e-101,+2.757e-101,+2.757e-101,+2.757e-101,+2.757e-101,+2.757e-101,+2.757e-101,+2.757e-101,+2.757e-101,+2.757e-101,+2.757e-101,+2.757e-101,+2.757e-101,+2.757e-101,+2.757e-101,+2.757e-101,+2.757e-101,+2.757e-101,+2.757e-101,+2.757e-101,+2.757e-101,+2.757e-101,+2.757e-101,+2.757e-101,+2.757e-101,+2.757e-101,+2.757e-101,+2.757e-101,+2.757e-101,+2.757e-101,+2.757e-101,+2.757e-101,+2.757e-101,+2.757e-101,+2.757e-101,+2.757e-101,+2.757e-101,+2.757e-101,+2.757e-101,+2.757e-101,+2.757e-101,+2.757e-101,+2.757e-101,+2.757e-101,+2.757e-101,+2.757e-101,+2.757e-101,+2.757e-101,+2.757e-101,+2.757e-101,+2.757e-101,+2.757e-101,+2.757e-101,+2.757e-101,+2.757e-101,+2.757e-101,+2.757e-101,+2.757e-101,+2.757e-101,+2.757e-101,+2.757e-101,+2.757e-101,+2.757e-101,+2.757e-101,+2.757e-101,+2.757e-101,+2.757e-101,+2.757e-101,+2.757e-101,+2.757e-101,+2.757e-101,+2.757e-101,+2.757e-101,+2.757e-101,+2.757e-101,+2.757e-101,+2.757e-101,+2.757e-101,+2.757e-101,+2.757e-101,+2.757e-101,+2.757e-101,+2.757e-101,+2.757e-101,+2.757e-101,+2.757e-101,+2.757e-101,+2.757e-101,+2.757e-101,+2.757e-101,+2.757e-101,+2.757e-101,+2.757e-101,+2.757e-101,+2.757e-101,+2.757e-101,+2.757e-101,+2.757e-101,+2.757e-101,+2.757e-101,+2.757e-101,+2.757e-101,+2.757e-101,+2.757e-101,+2.757e-101,+2.757e-101,+2.757e-101,+2.757e-101,+2.757e-101,+2.757e-101,+2.757e-101,+2.757e-101,+2.757e-101,+2.757e-101,+2.757e-101,+2.757e-101,+2.757e-101,+2.757e-101,+2.757e-101,+2.757e-101,+2.757e-101,+2.757e-101,+2.757e-101,+2.757e-101,+2.757e-101,+2.757e-101,+2.757e-101,+2.757e-101,+2.757e-101,+2.757e-101,+2.757e-101,+2.757e-101,+2.757e-101,+2.757e-101,+2.757e-101,+2.757e-101,+2.757e-101,+2.757e-101,+2.757e-101,+2.757e-101,+2.757e-101,+2.757e-101,+2.757e-101,+2.757e-101,+2.757e-101,+2.757e-101,+2.757e-101,+2.757e-101,+2.757e-101,+2.757e-101,+2.757e-101,+2.757e-101,+2.757e-101,+2.757e-101,+2.757e-101,+2.757e-101,+2.757e-101,+2.757e-101,+2.757e-101,+2.757e-101,+2.757e-101,+2.757e-101,+2.757e-101,+2.757e-101,+2.757e-101,+2.757e-101,+2.757e-101,+2.757e-101,+2.757e-101,+2.757e-101,+2.757e-101,+2.757e-101,+2.757e-101,+2.757e-101,+2.757e-101,+2.757e-101,+2.757e-101,+2.757e-101,+2.757e-101,+2.757e-101,+2.757e-101,+2.757e-101,+2.757e-101,+2.757e-101,+2.757e-101,+2.757e-101,+2.757e-101,+2.757e-101,+2.757e-101,+2.757e-101,+2.757e-101,+2.757e-101,+2.757e-101,+2.757e-101,+2.757e-101,+2.757e-101,+2.757e-101,+2.757e-101,+2.757e-101,+2.757e-101,+2.757e-101,+2.757e-101,+2.757e-101,+2.757e-101,+2.757e-101,+2.757e-101,+2.757e-101,+2.757e-101,+2.757e-101,+2.757e-101,+2.757e-101,+2.757e-101,+2.757e-101,+2.757e-101,+2.757e-101,+2.757e-101,+2.757e-101,+2.757e-101,+2.757e-101,+2.757e-101,+2.757e-101,+2.757e-101,+2.757e-101,+2.757e-101,+2.757e-101,+2.757e-101,+2.757e-101,+2.757e-101,+2.757e-101,+2.757e-101,+2.757e-101,+2.757e-101,+2.757e-101,+2.757e-101,+2.757e-101,+2.757e-101,+2.757e-101,+2.757e-101,+2.757e-101,+2.757e-101,+2.757e-101,+2.757e-101,+2.757e-101,+2.757e-101,+2.757e-101,+2.757e-101,+2.757e-101,+2.757e-101,+2.757e-101,+2.757e-101,+2.757e-101,+2.757e-101,+2.757e-101,+2.757e-101,+2.757e-101,+2.757e-101,+2.757e-101,+2.757e-101,+2.757e-101,+2.757e-101,+2.757e-101,+2.757e-101,+2.757e-101,+2.757e-101,+2.757e-101,+2.757e-101,+2.757e-101,+2.757e-101,+2.757e-101,+2.757e-101,+2.757e-101,+2.757e-101,+2.757e-101,+2.757e-101,+2.757e-101,+2.757e-101,+2.757e-101,+2.757e-101,+2.757e-101,+2.757e-101,+2.757e-101,+2.757e-101,+2.757e-101,+2.757e-101,+2.757e-101,+2.757e-101,+2.757e-101,+2.757e-101,+2.757e-101,+2.757e-101,+2.757e-101,+2.757e-101,+2.757e-101,+2.757e-101,+2.757e-101,+2.757e-101,+2.757e-101,+2.757e-101,+2.757e-101,+2.757e-101,+2.757e-101,+2.757e-101,+2.757e-101,+2.757e-101,+2.757e-101,+2.757e-101,+2.757e-101,+2.757e-101,+2.757e-101,+2.757e-101,+2.757e-101,+2.757e-101,+2.757e-101,+2.757e-101,+2.757e-101,+2.757e-101,+2.757e-101,+2.757e-101,+2.757e-101,+2.757e-101,+2.757e-101,+2.757e-101,+2.757e-101,+2.757e-101,+2.757e-101,+2.757e-101,+2.757e-101,+2.757e-101,+2.757e-101,+2.757e-101,+2.757e-101,+2.757e-101,+2.757e-101,+2.757e-101,+2.757e-101,+2.757e-101,+2.757e-101,+2.757e-101,+2.757e-101,+2.757e-101,+2.757e-101,+2.757e-101,+2.757e-101,+2.757e-101,+2.757e-101,+2.757e-101,+2.757e-101,+2.757e-101,+2.757e-101,+2.757e-101,+2.757e-101,+2.757e-101,+2.757e-101,+2.757e-101,+2.757e-101,+2.757e-101,+2.757e-101,+2.757e-101,+2.757e-101,+2.757e-101,+2.757e-101,+2.757e-101,+2.757e-101,+2.757e-101,+2.757e-101,+2.757e-101,+2.757e-101,+2.757e-101,+2.757e-101,+2.757e-101,+2.757e-101,+2.757e-101,+2.757e-101,+2.757e-101,+2.757e-101,+2.757e-101,+2.757e-101,+2.757e-101,+2.757e-101,+2.757e-101,+2.757e-101,+2.757e-101,+2.757e-101,+2.757e-101,+2.757e-101,+2.757e-101,+2.757e-101,+2.757e-101,+2.757e-101,+2.757e-101,+2.757e-101,+2.757e-101,+2.757e-101,+2.757e-101,+2.757e-101,+2.757e-101,+2.757e-101,+2.757e-101,+2.757e-101,+2.757e-101,+2.757e-101,+2.757e-101,+2.757e-101,+2.757e-101,+2.757e-101,+2.757e-101,+2.757e-101,+2.757e-101,+2.757e-101,+2.757e-101,+2.757e-101,+2.757e-101,+2.757e-101,+2.757e-101,+2.757e-101,+2.757e-101,+2.757e-101,+2.757e-101,+2.757e-101,+2.757e-101,+2.757e-101,+2.757e-101,+2.757e-101,+2.757e-101,+2.757e-101,+2.757e-101,+2.757e-101,+2.757e-101,+2.757e-101,+2.757e-101,+2.757e-101,+2.757e-101,+2.757e-101,+2.757e-101,+2.757e-101,+2.757e-101,+2.757e-101,+2.757e-101,+2.757e-101,+2.757e-101,+2.757e-101,+2.757e-101,+2.757e-101,+2.757e-101,+2.757e-101,+2.757e-101,+2.757e-101,+2.757e-101,+2.757e-101,+2.757e-101,+2.757e-101,+2.757e-101,+2.757e-101,+2.757e-101,+2.757e-101,+2.757e-101,+2.757e-101,+2.757e-101,+2.757e-101,+2.757e-101,+2.757e-101,+2.757e-101,+2.757e-101,+2.757e-101,+2.757e-101,+2.757e-101,+2.757e-101,+2.757e-101,+2.757e-101,+2.757e-101,+2.757e-101,+2.757e-101,+2.757e-101,+2.757e-101,+2.757e-101,+2.757e-101,+2.757e-101,+2.757e-101,+2.757e-101,+2.757e-101,+2.757e-101,+2.757e-101,+2.757e-101,+2.757e-101,+2.757e-101,+2.757e-101,+2.757e-101,+2.757e-101,+2.757e-101,+2.757e-101,+2.757e-101,+2.757e-101,+2.757e-101,+2.757e-101,+2.757e-101,+2.757e-101,+2.757e-101,+2.757e-101,+2.757e-101,+2.757e-101,+2.757e-101,+2.757e-101,+2.757e-101,+2.757e-101,+2.757e-101,+2.757e-101,+2.757e-101,+2.757e-101,+2.757e-101,+2.757e-101,+2.757e-101,+2.757e-101,+2.757e-101,+2.757e-101,+2.757e-101,+2.757e-101,+2.757e-101,+2.757e-101,+2.757e-101,+2.757e-101,+2.757e-101,+2.757e-101,+2.757e-101,+2.757e-101,+2.757e-101,+2.757e-101,+2.757e-101,+2.757e-101,+2.757e-101,+2.757e-101,+2.757e-101,+2.757e-101,+2.757e-101,+2.757e-101,+2.757e-101,+2.757e-101,+2.757e-101,+2.757e-101,+2.757e-101,+2.757e-101,+2.757e-101,+2.757e-101,+2.757e-101,+2.757e-101,+2.757e-101,+2.757e-101,+2.757e-101,+2.757e-101,+2.757e-101,+2.757e-101,+2.757e-101,+2.757e-101,+2.757e-101,+2.757e-101,+2.757e-101,+2.757e-101,+2.757e-101,+2.757e-101,+2.757e-101,+2.757e-101,+2.757e-101,+2.757e-101,+2.757e-101,+2.757e-101,+2.757e-101,+2.757e-101,+2.757e-101,+2.757e-101,+2.757e-101,+2.757e-101,+2.757e-101,+2.757e-101,+2.757e-101,+2.757e-101,+2.757e-101,+2.757e-101,+2.757e-101,+2.757e-101,+2.757e-101,+2.757e-101,+2.757e-101,+2.757e-101,+2.757e-101,+2.757e-101,+2.757e-101,+2.757e-101,+2.757e-101,+2.757e-101,+2.757e-101,+2.757e-101,+2.757e-101,+2.757e-101,+2.757e-101,+2.757e-101,+2.757e-101,+2.757e-101,+2.757e-101,+2.757e-101,+2.757e-101,+2.757e-101,+2.757e-101,+2.757e-101,+2.757e-101,+2.757e-101,+2.757e-101,+2.757e-101,+2.757e-101,+2.757e-101,+2.757e-101,+2.757e-101,+2.757e-101,+2.757e-101,+2.757e-101,+2.757e-101,+2.757e-101,+2.757e-101,+2.757e-101,+2.757e-101,+2.757e-101,+2.757e-101,+2.757e-101,+2.757e-101,+2.757e-101,+2.757e-101,+2.757e-101,+2.757e-101,+2.757e-101,+2.757e-101,+2.757e-101,+2.757e-101,+2.757e-101,+2.757e-101,+2.757e-101,+2.757e-101,+2.757e-101,+2.757e-101,+2.757e-101,+2.757e-101,+2.757e-101,+2.757e-101,+2.757e-101,+2.757e-101,+2.757e-101,+2.757e-101,+2.757e-101,+2.757e-101,+2.757e-101,+2.757e-101,+2.757e-101,+2.757e-101,+2.757e-101,+2.757e-101,+2.757e-101,+2.757e-101,+2.757e-101,+2.757e-101,+2.757e-101,+2.757e-101,+2.757e-101,+2.757e-101,+2.757e-101,+2.757e-101,+2.757e-101,+2.757e-101,+2.757e-101,+2.757e-101,+2.757e-101,+2.757e-101,+2.757e-101,+2.757e-101,+2.757e-101,+2.757e-101,+2.757e-101,+2.757e-101,+2.757e-101,+2.757e-101,+2.757e-101,+2.757e-101,+2.757e-101,+2.757e-101,+2.757e-101,+2.757e-101,+2.757e-101,+2.757e-101,+2.757e-101,+2.757e-101,+2.757e-101,+2.757e-101,+2.757e-101,+2.757e-101,+2.757e-101,+2.757e-101,+2.757e-101,+2.757e-101,+2.757e-101,+2.757e-101,+2.757e-101,+2.757e-101,+2.757e-101,+2.757e-101,+2.757e-101,+2.757e-101,+2.757e-101,+2.757e-101,+2.757e-101,+2.757e-101,+2.757e-101,+2.757e-101,+2.757e-101,+2.757e-101,+2.757e-101,+2.757e-101,+2.757e-101,+2.757e-101,+2.757e-101,+2.757e-101,+2.757e-101,+2.757e-101,+2.757e-101,+2.757e-101,+2.757e-101,+2.757e-101,+2.757e-101,+2.757e-101,+2.757e-101,+2.757e-101,+2.757e-101,+2.757e-101,+2.757e-101,+2.757e-101,+2.757e-101,+2.757e-101,+2.757e-101,+2.757e-101,+2.757e-101,+2.757e-101,+2.757e-101,+2.757e-101,+2.757e-101,+2.757e-101,+2.757e-101,+2.757e-101,+2.757e-101,+2.757e-101,+2.757e-101,+2.757e-101,+2.757e-101,+2.757e-101,+2.757e-101,+2.757e-101,+2.757e-101,+2.757e-101,+2.757e-101,+2.757e-101,+2.757e-101,+2.757e-101,+2.757e-101,+2.757e-101,+2.757e-101,+2.757e-101,+2.757e-101,+2.757e-101,+2.757e-101,+2.757e-101,+2.757e-101,+2.757e-101,+2.757e-101,+2.757e-101,+2.757e-101,+2.757e-101,+2.757e-101,+2.757e-101,+2.757e-101,+2.757e-101,+2.757e-101,+2.757e-101,+2.757e-101,+2.757e-101,+2.757e-101,+2.757e-101,+2.757e-101,+2.757e-101,+2.757e-101,+2.757e-101,+2.757e-101,+2.757e-101,+2.757e-101,+2.757e-101,+2.757e-101,+2.757e-101,+2.757e-101,+2.757e-101,+2.757e-101,+2.757e-101,+2.757e-101,+2.757e-101,+2.757e-101,+2.757e-101,+2.757e-101,+2.757e-101,+2.757e-101,+2.757e-101,+2.757e-101,+2.757e-101,+2.757e-101,+2.757e-101,+2.757e-101,+2.757e-101,+2.757e-101,+2.757e-101,+2.757e-101,+2.757e-101,+2.757e-101,+2.757e-101,+2.757e-101,+2.757e-101,+2.757e-101,+2.757e-101,+2.757e-101,+2.757e-101,+2.757e-101,+2.757e-101,+2.757e-101,+2.757e-101,+2.757e-101,+2.757e-101,+2.757e-101,+2.757e-101,+2.757e-101,+2.757e-101,+2.757e-101,+2.757e-101,+2.757e-101,+2.757e-101,+2.757e-101,+2.757e-101,+2.757e-101,+2.757e-101,+2.757e-101,+2.757e-101,+2.757e-101,+2.757e-101,+2.757e-101,+2.757e-101,+2.757e-101,+2.757e-101,+2.757e-101,+2.757e-101,+2.757e-101}
xMat = 
{
{ {+8.278e+01,+2.503e+01,+3.105e+01,+3.415e+01,+2.933e+01,+1.448e+01 },
  {+2.503e+01,+1.023e+02,+3.084e+01,+2.915e+01,+1.455e+01,+2.503e+01 },
  {+3.105e+01,+3.084e+01,+1.010e+02,+1.478e+01,+2.491e+01,+3.309e+01 },
  {+3.415e+01,+2.915e+01,+1.478e+01,+9.357e+01,+2.872e+01,+3.244e+01 },
  {+2.933e+01,+1.455e+01,+2.491e+01,+2.872e+01,+9.938e+01,+3.218e+01 },
  {+1.448e+01,+2.503e+01,+3.309e+01,+3.244e+01,+3.218e+01,+8.393e+01 }   }
{ {+9.294e+01,+2.979e+01,+3.025e+01,+2.532e+01,+1.539e+01,+2.428e+01 },
  {+2.979e+01,+9.732e+01,+2.455e+01,+1.570e+01,+2.414e+01,+2.724e+01 },
  {+3.025e+01,+2.455e+01,+8.424e+01,+2.402e+01,+3.210e+01,+2.591e+01 },
  {+2.532e+01,+1.570e+01,+2.402e+01,+1.019e+02,+2.345e+01,+2.398e+01 },
  {+1.539e+01,+2.414e+01,+3.210e+01,+2.345e+01,+9.313e+01,+1.604e+01 },
  {+2.428e+01,+2.724e+01,+2.591e+01,+2.398e+01,+1.604e+01,+9.268e+01 }   }
{ {+9.765e+01,+2.208e+01,+2.441e+01,+1.654e+01,+2.376e+01,+2.785e+01,+2.179e+01,+2.483e+01,+1.635e+01,+2.440e+01,+3.122e+01,+2.777e+01,+2.464e+01,+1.658e+01,+2.428e+01,+3.458e+01,+2.716e+01,+2.453e+01,+1.665e+01,+2.414e+01,+2.637e+01,+2.002e+01,+2.425e+01,+1.689e+01,+2.402e+01,+2.933e+01,+1.995e+01,+2.494e+01,+1.670e+01,+2.505e+01,+3.624e+01,+3.862e+01,+2.425e+01,+1.719e+01,+2.414e+01,+2.621e+01 },
  {+2.208e+01,+9.303e+01,+1.719e+01,+2.402e+01,+3.159e+01,+2.921e+01,+2.441e+01,+1.724e+01,+2.467e+01,+3.407e+01,+3.076e+01,+2.457e+01,+1.750e+01,+2.376e+01,+2.934e+01,+3.071e+01,+2.387e+01,+1.754e+01,+2.479e+01,+2.610e+01,+3.071e+01,+2.466e+01,+1.754e+01,+2.467e+01,+3.402e+01,+2.872e+01,+2.457e+01,+1.804e+01,+2.402e+01,+2.533e+01,+2.765e+01,+2.447e+01,+1.784e+01,+2.467e+01,+3.383e+01,+2.607e+01 },
  {+2.441e+01,+1.719e+01,+9.230e+01,+2.182e+01,+2.449e+01,+2.436e+01,+1.815e+01,+2.452e+01,+2.656e+01,+2.517e+01,+2.525e+01,+1.838e+01,+2.440e+01,+2.497e+01,+2.377e+01,+2.467e+01,+1.838e+01,+2.428e+01,+2.547e+01,+2.398e+01,+2.395e+01,+1.869e+01,+2.414e+01,+2.131e+01,+2.080e+01,+2.472e+01,+1.869e+01,+2.402e+01,+2.809e+01,+2.218e+01,+2.447e+01,+1.873e+01,+2.505e+01,+2.248e+01,+2.820e+01,+2.439e+01 },
  {+1.654e+01,+2.402e+01,+2.182e+01,+8.994e+01,+2.473e+01,+1.923e+01,+2.428e+01,+2.172e+01,+2.007e+01,+2.411e+01,+1.930e+01,+2.414e+01,+2.350e+01,+2.253e+01,+2.413e+01,+1.953e+01,+2.402e+01,+2.339e+01,+2.415e+01,+2.491e+01,+1.934e+01,+2.505e+01,+2.435e+01,+3.005e+01,+2.438e+01,+1.984e+01,+2.414e+01,+1.962e+01,+1.991e+01,+2.461e+01,+1.984e+01,+2.402e+01,+2.589e+01,+2.431e+01,+2.458e+01,+1.988e+01 },
  {+2.376e+01,+3.159e+01,+2.449e+01,+2.473e+01,+8.868e+01,+2.376e+01,+2.243e+01,+2.116e+01,+2.431e+01,+2.018e+01,+2.479e+01,+2.290e+01,+2.757e+01,+2.504e+01,+2.018e+01,+2.467e+01,+2.296e+01,+2.436e+01,+2.408e+01,+2.068e+01,+2.376e+01,+1.951e+01,+1.543e+01,+2.484e+01,+2.049e+01,+2.440e+01,+2.507e+01,+2.376e+01,+2.450e+01,+2.072e+01,+2.428e+01,+1.888e+01,+1.956e+01,+2.408e+01,+2.079e+01,+2.479e+01 },
  {+2.785e+01,+2.921e+01,+2.436e+01,+1.923e+01,+2.376e+01,+8.692e+01,+2.681e+01,+2.390e+01,+2.129e+01,+2.376e+01,+2.067e+01,+2.460e+01,+2.396e+01,+2.133e+01,+2.479e+01,+2.133e+01,+2.849e+01,+2.516e+01,+2.133e+01,+2.467e+01,+2.119e+01,+2.369e+01,+2.408e+01,+2.183e+01,+2.402e+01,+2.005e+01,+2.833e+01,+2.458e+01,+2.164e+01,+2.505e+01,+2.184e+01,+2.691e+01,+2.463e+01,+2.213e+01,+2.440e+01,+1.978e+01 },
  {+2.179e+01,+2.441e+01,+1.815e+01,+2.428e+01,+2.243e+01,+2.681e+01,+9.274e+01,+2.245e+01,+2.479e+01,+2.043e+01,+2.845e+01,+2.511e+01,+2.245e+01,+2.467e+01,+1.994e+01,+2.850e+01,+2.410e+01,+2.295e+01,+2.376e+01,+1.758e+01,+1.695e+01,+2.432e+01,+2.277e+01,+2.479e+01,+2.343e+01,+2.428e+01,+2.516e+01,+2.300e+01,+2.467e+01,+1.695e+01,+1.542e+01,+2.410e+01,+2.327e+01,+2.402e+01,+2.184e+01,+1.936e+01 },
  {+2.483e+01,+1.724e+01,+2.452e+01,+2.172e+01,+2.116e+01,+2.390e+01,+2.245e+01,+9.268e+01,+1.776e+01,+1.358e+01,+2.396e+01,+2.382e+01,+2.402e+01,+1.831e+01,+1.927e+01,+2.459e+01,+2.363e+01,+2.505e+01,+1.842e+01,+2.286e+01,+2.448e+01,+2.381e+01,+2.503e+01,+2.851e+01,+3.572e+01,+2.411e+01,+2.382e+01,+2.491e+01,+2.784e+01,+3.410e+01,+2.391e+01,+2.413e+01,+2.503e+01,+2.788e+01,+3.563e+01,+2.430e+01 },
  {+1.635e+01,+2.467e+01,+2.656e+01,+2.007e+01,+2.431e+01,+2.129e+01,+2.479e+01,+1.776e+01,+1.039e+02,+2.430e+01,+2.445e+01,+2.491e+01,+2.658e+01,+3.632e+01,+2.400e+01,+2.444e+01,+2.477e+01,+2.588e+01,+3.034e+01,+2.417e+01,+2.444e+01,+2.433e+01,+3.078e+01,+3.690e+01,+2.440e+01,+2.417e+01,+2.529e+01,+2.588e+01,+3.008e+01,+2.407e+01,+2.444e+01,+2.433e+01,+3.078e+01,+3.690e+01,+2.456e+01,+2.417e+01 },
  {+2.440e+01,+3.407e+01,+2.517e+01,+2.411e+01,+2.018e+01,+2.376e+01,+2.043e+01,+1.358e+01,+2.430e+01,+9.270e+01,+2.542e+01,+2.946e+01,+3.877e+01,+2.475e+01,+2.417e+01,+2.498e+01,+2.816e+01,+3.273e+01,+2.407e+01,+2.435e+01,+2.465e+01,+2.851e+01,+3.687e+01,+2.455e+01,+2.416e+01,+2.498e+01,+2.797e+01,+3.422e+01,+2.406e+01,+2.434e+01,+2.465e+01,+2.852e+01,+3.685e+01,+2.455e+01,+2.415e+01,+2.498e+01 },
  {+3.122e+01,+3.076e+01,+2.525e+01,+1.930e+01,+2.479e+01,+2.067e+01,+2.845e+01,+2.396e+01,+2.445e+01,+2.542e+01,+9.581e+01,+3.878e+01,+2.391e+01,+2.432e+01,+2.439e+01,+2.534e+01,+2.922e+01,+2.455e+01,+2.413e+01,+2.446e+01,+2.708e+01,+3.006e+01,+2.446e+01,+2.405e+01,+2.465e+01,+2.986e+01,+2.846e+01,+2.481e+01,+2.386e+01,+2.498e+01,+2.869e+01,+2.792e+01,+2.405e+01,+2.404e+01,+2.465e+01,+2.986e+01 },
  {+2.777e+01,+2.457e+01,+1.838e+01,+2.414e+01,+2.290e+01,+2.460e+01,+2.511e+01,+2.382e+01,+2.491e+01,+2.946e+01,+3.878e+01,+9.286e+01,+2.403e+01,+2.433e+01,+3.096e+01,+2.844e+01,+2.455e+01,+2.375e+01,+2.529e+01,+2.804e+01,+3.092e+01,+2.391e+01,+2.402e+01,+2.407e+01,+2.750e+01,+2.656e+01,+2.426e+01,+2.374e+01,+2.503e+01,+2.916e+01,+3.026e+01,+2.446e+01,+2.375e+01,+2.460e+01,+2.933e+01,+3.251e+01 },
  {+2.464e+01,+1.750e+01,+2.440e+01,+2.350e+01,+2.757e+01,+2.396e+01,+2.245e+01,+2.402e+01,+2.658e+01,+3.877e+01,+2.391e+01,+2.403e+01,+9.383e+01,+2.747e+01,+3.430e+01,+2.406e+01,+2.373e+01,+2.407e+01,+2.776e+01,+2.594e+01,+2.442e+01,+2.345e+01,+2.503e+01,+2.827e+01,+3.175e+01,+2.430e+01,+2.346e+01,+2.460e+01,+2.902e+01,+2.820e+01,+2.400e+01,+2.344e+01,+2.515e+01,+2.704e+01,+3.064e+01,+2.435e+01 },
  {+1.658e+01,+2.376e+01,+2.497e+01,+2.253e+01,+2.504e+01,+2.133e+01,+2.467e+01,+1.831e+01,+3.632e+01,+2.475e+01,+2.432e+01,+2.433e+01,+2.747e+01,+9.998e+01,+2.446e+01,+2.335e+01,+2.491e+01,+2.761e+01,+3.179e+01,+2.400e+01,+2.343e+01,+2.472e+01,+2.963e+01,+3.225e+01,+2.430e+01,+2.334e+01,+2.491e+01,+2.761e+01,+3.309e+01,+2.416e+01,+2.342e+01,+2.472e+01,+2.944e+01,+3.245e+01,+2.446e+01,+2.333e+01 },
  {+2.428e+01,+2.934e+01,+2.377e+01,+2.413e+01,+2.018e+01,+2.479e+01,+1.994e+01,+1.927e+01,+2.400e+01,+2.417e+01,+2.439e+01,+3.096e+01,+3.430e+01,+2.446e+01,+9.213e+01,+2.467e+01,+2.923e+01,+2.881e+01,+2.402e+01,+2.408e+01,+2.376e+01,+2.808e+01,+2.619e+01,+2.411e+01,+2.412e+01,+2.479e+01,+3.183e+01,+3.649e+01,+2.470e+01,+2.435e+01,+2.467e+01,+2.928e+01,+2.966e+01,+2.402e+01,+2.485e+01,+2.402e+01 },
  {+3.458e+01,+3.071e+01,+2.467e+01,+1.953e+01,+2.467e+01,+2.133e+01,+2.850e+01,+2.459e+01,+2.444e+01,+2.498e+01,+2.534e+01,+2.844e+01,+2.406e+01,+2.335e+01,+2.467e+01,+9.859e+01,+3.038e+01,+2.406e+01,+2.537e+01,+2.402e+01,+3.142e+01,+2.898e+01,+2.455e+01,+2.518e+01,+2.467e+01,+2.946e+01,+3.133e+01,+2.406e+01,+2.567e+01,+2.376e+01,+2.791e+01,+2.303e+01,+2.442e+01,+2.548e+01,+2.440e+01,+3.089e+01 },
  {+2.716e+01,+2.387e+01,+1.838e+01,+2.402e+01,+2.296e+01,+2.849e+01,+2.410e+01,+2.363e+01,+2.477e+01,+2.816e+01,+2.922e+01,+2.455e+01,+2.373e+01,+2.491e+01,+2.923e+01,+3.038e+01,+9.309e+01,+2.552e+01,+2.505e+01,+3.226e+01,+3.245e+01,+2.445e+01,+2.601e+01,+2.440e+01,+3.091e+01,+3.542e+01,+2.426e+01,+2.601e+01,+2.428e+01,+3.050e+01,+3.249e+01,+2.406e+01,+2.632e+01,+2.440e+01,+3.051e+01,+3.214e+01 },
  {+2.453e+01,+1.754e+01,+2.428e+01,+2.339e+01,+2.436e+01,+2.516e+01,+2.295e+01,+2.505e+01,+2.588e+01,+3.273e+01,+2.455e+01,+2.375e+01,+2.407e+01,+2.761e+01,+2.881e+01,+2.406e+01,+2.552e+01,+9.294e+01,+3.172e+01,+2.834e+01,+2.472e+01,+2.661e+01,+2.428e+01,+3.375e+01,+2.802e+01,+2.403e+01,+2.692e+01,+2.440e+01,+2.677e+01,+2.529e+01,+2.446e+01,+2.692e+01,+2.428e+01,+3.107e+01,+2.628e+01,+2.427e+01 },
  {+1.665e+01,+2.479e+01,+2.547e+01,+2.415e+01,+2.408e+01,+2.133e+01,+2.376e+01,+1.842e+01,+3.034e+01,+2.407e+01,+2.413e+01,+2.529e+01,+2.776e+01,+3.179e+01,+2.402e+01,+2.537e+01,+2.505e+01,+3.172e+01,+9.713e+01,+2.406e+01,+2.771e+01,+2.402e+01,+2.709e+01,+2.517e+01,+2.455e+01,+2.752e+01,+2.467e+01,+3.101e+01,+2.374e+01,+2.406e+01,+2.801e+01,+2.402e+01,+2.646e+01,+2.485e+01,+2.455e+01,+2.782e+01 },
  {+2.414e+01,+2.610e+01,+2.398e+01,+2.491e+01,+2.068e+01,+2.467e+01,+1.758e+01,+2.286e+01,+2.417e+01,+2.435e+01,+2.446e+01,+2.804e+01,+2.594e+01,+2.400e+01,+2.408e+01,+2.402e+01,+3.226e+01,+2.834e+01,+2.406e+01,+9.665e+01,+2.505e+01,+3.280e+01,+2.942e+01,+2.435e+01,+2.861e+01,+2.440e+01,+2.678e+01,+2.436e+01,+2.446e+01,+2.861e+01,+2.428e+01,+3.105e+01,+2.149e+01,+2.416e+01,+2.892e+01,+2.440e+01 },
  {+2.637e+01,+3.071e+01,+2.395e+01,+1.934e+01,+2.376e+01,+2.119e+01,+1.695e+01,+2.448e+01,+2.444e+01,+2.465e+01,+2.708e+01,+3.092e+01,+2.442e+01,+2.343e+01,+2.376e+01,+3.142e+01,+3.245e+01,+2.472e+01,+2.771e+01,+2.505e+01,+9.317e+01,+3.375e+01,+2.430e+01,+2.921e+01,+2.428e+01,+2.953e+01,+3.418e+01,+2.400e+01,+2.952e+01,+2.440e+01,+2.381e+01,+3.417e+01,+2.430e+01,+2.952e+01,+2.428e+01,+2.892e+01 },
  {+2.002e+01,+2.466e+01,+1.869e+01,+2.505e+01,+1.951e+01,+2.369e+01,+2.432e+01,+2.381e+01,+2.433e+01,+2.851e+01,+3.006e+01,+2.391e+01,+2.345e+01,+2.472e+01,+2.808e+01,+2.898e+01,+2.445e+01,+2.661e+01,+2.402e+01,+3.280e+01,+3.375e+01,+9.260e+01,+3.031e+01,+2.402e+01,+2.626e+01,+3.027e+01,+2.455e+01,+3.012e+01,+2.467e+01,+2.907e+01,+3.015e+01,+2.406e+01,+3.061e+01,+2.376e+01,+2.249e+01,+2.085e+01 },
  {+2.425e+01,+1.754e+01,+2.414e+01,+2.435e+01,+1.543e+01,+2.408e+01,+2.277e+01,+2.503e+01,+3.078e+01,+3.687e+01,+2.446e+01,+2.402e+01,+2.503e+01,+2.963e+01,+2.619e+01,+2.455e+01,+2.601e+01,+2.428e+01,+2.709e+01,+2.942e+01,+2.430e+01,+3.031e+01,+9.333e+01,+3.117e+01,+2.831e+01,+2.474e+01,+3.069e+01,+2.467e+01,+2.752e+01,+2.584e+01,+2.406e+01,+3.095e+01,+2.376e+01,+2.629e+01,+2.004e+01,+2.442e+01 },
  {+1.689e+01,+2.467e+01,+2.131e+01,+3.005e+01,+2.484e+01,+2.183e+01,+2.479e+01,+2.851e+01,+3.690e+01,+2.455e+01,+2.405e+01,+2.407e+01,+2.827e+01,+3.225e+01,+2.411e+01,+2.518e+01,+2.440e+01,+3.375e+01,+2.517e+01,+2.435e+01,+2.921e+01,+2.402e+01,+3.117e+01,+8.761e+01,+2.406e+01,+3.129e+01,+2.402e+01,+2.962e+01,+2.290e+01,+2.455e+01,+3.133e+01,+2.467e+01,+2.774e+01,+2.243e+01,+2.406e+01,+3.128e+01 },
  {+2.402e+01,+3.402e+01,+2.080e+01,+2.438e+01,+2.049e+01,+2.402e+01,+2.343e+01,+3.572e+01,+2.440e+01,+2.416e+01,+2.465e+01,+2.750e+01,+3.175e+01,+2.430e+01,+2.412e+01,+2.467e+01,+3.091e+01,+2.802e+01,+2.455e+01,+2.861e+01,+2.428e+01,+2.626e+01,+2.831e+01,+2.406e+01,+1.004e+02,+2.428e+01,+2.863e+01,+2.447e+01,+2.416e+01,+3.193e+01,+2.440e+01,+2.935e+01,+2.554e+01,+2.446e+01,+3.185e+01,+2.491e+01 },
  {+2.933e+01,+2.872e+01,+2.472e+01,+1.984e+01,+2.440e+01,+2.005e+01,+2.428e+01,+2.411e+01,+2.417e+01,+2.498e+01,+2.986e+01,+2.656e+01,+2.430e+01,+2.334e+01,+2.479e+01,+2.946e+01,+3.542e+01,+2.403e+01,+2.752e+01,+2.440e+01,+2.953e+01,+3.027e+01,+2.474e+01,+3.129e+01,+2.428e+01,+9.762e+01,+3.059e+01,+2.400e+01,+3.276e+01,+2.440e+01,+2.492e+01,+3.340e+01,+2.430e+01,+3.245e+01,+2.491e+01,+3.349e+01 },
  {+1.995e+01,+2.457e+01,+1.869e+01,+2.414e+01,+2.507e+01,+2.833e+01,+2.516e+01,+2.382e+01,+2.529e+01,+2.797e+01,+2.846e+01,+2.426e+01,+2.346e+01,+2.491e+01,+3.183e+01,+3.133e+01,+2.426e+01,+2.692e+01,+2.467e+01,+2.678e+01,+3.418e+01,+2.455e+01,+3.069e+01,+2.402e+01,+2.863e+01,+3.059e+01,+9.354e+01,+3.310e+01,+2.467e+01,+3.057e+01,+2.692e+01,+2.393e+01,+3.328e+01,+2.439e+01,+2.831e+01,+2.831e+01 },
  {+2.494e+01,+1.804e+01,+2.402e+01,+1.962e+01,+2.376e+01,+2.458e+01,+2.300e+01,+2.491e+01,+2.588e+01,+3.422e+01,+2.481e+01,+2.374e+01,+2.460e+01,+2.761e+01,+3.649e+01,+2.406e+01,+2.601e+01,+2.440e+01,+3.101e+01,+2.436e+01,+2.400e+01,+3.012e+01,+2.467e+01,+2.962e+01,+2.447e+01,+2.400e+01,+3.310e+01,+9.256e+01,+2.810e+01,+2.347e+01,+2.489e+01,+3.366e+01,+2.568e+01,+3.686e+01,+3.752e+01,+2.470e+01 },
  {+1.670e+01,+2.402e+01,+2.809e+01,+1.991e+01,+2.450e+01,+2.164e+01,+2.467e+01,+2.784e+01,+3.008e+01,+2.406e+01,+2.386e+01,+2.503e+01,+2.902e+01,+3.309e+01,+2.470e+01,+2.567e+01,+2.428e+01,+2.677e+01,+2.374e+01,+2.446e+01,+2.952e+01,+2.467e+01,+2.752e+01,+2.290e+01,+2.416e+01,+3.276e+01,+2.467e+01,+2.810e+01,+8.606e+01,+2.442e+01,+3.472e+01,+2.503e+01,+2.671e+01,+3.444e+01,+2.477e+01,+3.472e+01 },
  {+2.505e+01,+2.533e+01,+2.218e+01,+2.461e+01,+2.072e+01,+2.505e+01,+1.695e+01,+3.410e+01,+2.407e+01,+2.434e+01,+2.498e+01,+2.916e+01,+2.820e+01,+2.416e+01,+2.435e+01,+2.376e+01,+3.050e+01,+2.529e+01,+2.406e+01,+2.861e+01,+2.440e+01,+2.907e+01,+2.584e+01,+2.455e+01,+3.193e+01,+2.440e+01,+3.057e+01,+2.347e+01,+2.442e+01,+1.036e+02,+2.529e+01,+3.684e+01,+3.316e+01,+2.417e+01,+3.555e+01,+2.376e+01 },
  {+3.624e+01,+2.765e+01,+2.447e+01,+1.984e+01,+2.428e+01,+2.184e+01,+1.542e+01,+2.391e+01,+2.444e+01,+2.465e+01,+2.869e+01,+3.026e+01,+2.400e+01,+2.342e+01,+2.467e+01,+2.791e+01,+3.249e+01,+2.446e+01,+2.801e+01,+2.428e+01,+2.381e+01,+3.015e+01,+2.406e+01,+3.133e+01,+2.440e+01,+2.492e+01,+2.692e+01,+2.489e+01,+3.472e+01,+2.529e+01,+9.730e+01,+3.748e+01,+2.469e+01,+3.589e+01,+2.428e+01,+3.255e+01 },
  {+3.862e+01,+2.447e+01,+1.873e+01,+2.402e+01,+1.888e+01,+2.691e+01,+2.410e+01,+2.413e+01,+2.433e+01,+2.852e+01,+2.792e+01,+2.446e+01,+2.344e+01,+2.472e+01,+2.928e+01,+2.303e+01,+2.406e+01,+2.692e+01,+2.402e+01,+3.105e+01,+3.417e+01,+2.406e+01,+3.095e+01,+2.467e+01,+2.935e+01,+3.340e+01,+2.393e+01,+3.366e+01,+2.503e+01,+3.684e+01,+3.748e+01,+9.331e+01,+3.646e+01,+2.428e+01,+1.984e+01,+2.358e+01 },
  {+2.425e+01,+1.784e+01,+2.505e+01,+2.589e+01,+1.956e+01,+2.463e+01,+2.327e+01,+2.503e+01,+3.078e+01,+3.685e+01,+2.405e+01,+2.375e+01,+2.515e+01,+2.944e+01,+2.966e+01,+2.442e+01,+2.632e+01,+2.428e+01,+2.646e+01,+2.149e+01,+2.430e+01,+3.061e+01,+2.376e+01,+2.774e+01,+2.554e+01,+2.430e+01,+3.328e+01,+2.568e+01,+2.671e+01,+3.316e+01,+2.469e+01,+3.646e+01,+9.256e+01,+2.722e+01,+2.466e+01,+2.455e+01 },
  {+1.719e+01,+2.467e+01,+2.248e+01,+2.431e+01,+2.408e+01,+2.213e+01,+2.402e+01,+2.788e+01,+3.690e+01,+2.455e+01,+2.404e+01,+2.460e+01,+2.704e+01,+3.245e+01,+2.402e+01,+2.548e+01,+2.440e+01,+3.107e+01,+2.485e+01,+2.416e+01,+2.952e+01,+2.376e+01,+2.629e+01,+2.243e+01,+2.446e+01,+3.245e+01,+2.439e+01,+3.686e+01,+3.444e+01,+2.417e+01,+3.589e+01,+2.428e+01,+2.722e+01,+8.713e+01,+2.400e+01,+3.770e+01 },
  {+2.414e+01,+3.383e+01,+2.820e+01,+2.458e+01,+2.079e+01,+2.440e+01,+2.184e+01,+3.563e+01,+2.456e+01,+2.415e+01,+2.465e+01,+2.933e+01,+3.064e+01,+2.446e+01,+2.485e+01,+2.440e+01,+3.051e+01,+2.628e+01,+2.455e+01,+2.892e+01,+2.428e+01,+2.249e+01,+2.004e+01,+2.406e+01,+3.185e+01,+2.491e+01,+2.831e+01,+3.752e+01,+2.477e+01,+3.555e+01,+2.428e+01,+1.984e+01,+2.466e+01,+2.400e+01,+1.064e+02,+2.463e+01 },
